[54][51][48][45][42][39][36][33][30][33][36][39][42][45][48][51]
[49][46][43][40][37][34][31][28][25][28][31][34][37][40][43][46]
[44][41][38][35][32][29][26][23][20][23][26][29][32][35][38][41]
[39][36][33][30][27][24][21][18][15][18][21][24][27][30][33][36]
[34][31][28][25][22][19][16][13][10][13][16][19][22][25][28][31]
[29][26][23][20][17][14][11][8][5][8][11][14][17][20][23][26]
[24][21][18][15][12][9][6][3][0][3][6][9][12][15][18][21]
[29][26][23][20][17][14][11][8][5][8][11][14][17][20][23][26]
[34][31][28][25][22][19][16][13][10][13][16][19][22][25][28][31]
[39][36][33][30][27][24][21][18][15][18][21][24][27][30][33][36]
[44][41][38][35][32][29][26][23][20][23][26][29][32][35][38][41]
[49][46][43][40][37][34][31][28][25][28][31][34][37][40][43][46]
